[
  47.4230253,
  47.1945782,
  47.5397809,
  47.2226609,
  47.7824442,
  47.4211384,
  47.4951156,
  47.4211384,
  47.5298125,
  47.5440122,
  47.5308681,
  47.3615741,
  47.5256374,
  47.24699589999999,
  47.1840671,
  47.49428169999999,
  47.2226548,
  47.4717335,
  47.4941776,
  47.4936227,
  46.9953215,
  47.4884448,
  47.5308649,
  47.537904,
  47.0950154,
  47.1825694,
  47.195866,
  47.3412245,
  46.9957118,
  47.528832,
  46.7389517,
  47.3412245,
  47.2009011,
  46.7634963,
  46.756431,
  47.1988353,
  46.8663237,
  47.1998366,
  47.2430421,
  46.538974,
  47.2025111,
  47.2009011,
  46.86813069999999,
  47.2031821,
  46.5530626,
  47.36953099999999,
  47.2037925,
  47.3576475,
  47.2038378,
  47.1653577,
  47.1559448,
  47.0963672,
  48.6472418,
  48.7026352,
  46.750529,
  48.716339,
  47.9410265,
  48.64788,
  48.5388089,
  47.1548639,
  47.8732097,
  48.537968,
  48.472461,
  48.2562593,
  47.9118749,
  48.4773815,
  48.8927871,
  48.3656517,
  47.5947332,
  47.5723352,
  48.0010902,
  48.535734,
  48.4773815,
  47.8081455,
  47.9115875,
  47.5961922,
  48.1811186,
  47.5947065,
  47.5942979,
  48.52673859999999,
  48.8893476,
  47.590041,
  48.1811186,
  47.80532530000001,
  47.5955841,
  47.8532877,
  48.59341509999999,
  48.8896321,
  47.5944168,
  47.8501573,
  48.7402929,
  48.5275164,
  48.526399,
  48.262446,
  48.4781634,
  47.9111377,
  41.5602709,
  48.890606,
  47.86218299999999,
  47.91302289999999,
  47.10488549999999,
  48.1989355,
  48.0831689,
  47.8488318,
  47.8618533,
  47.59585389999999,
  47.8623217,
  47.550734,
  47.9344694,
  47.91807619999999,
  47.8643477,
  48.47574760000001,
  48.8899751,
  47.5957917,
  47.7113586,
  47.9384799,
  47.8582796,
  47.5963267,
  48.1083172,
  47.8212252,
  47.8224429,
  47.9872097,
  48.0200863,
  47.849466,
  47.485633,
  47.5422695,
  48.12063699999999,
  47.8203655,
  42.3443225,
  47.4683105,
  48.1139039,
  48.119054,
  48.0798734,
  47.34864330000001,
  47.4057372,
  48.11956989999999,
  47.3668031,
  48.5188132,
  47.3369621,
  47.9225043,
  48.5622515,
  47.6139458,
  48.752049,
  47.679086,
  48.222349,
  48.56128,
  47.8539205,
  47.2691157,
  47.5939949,
  47.2307079,
  45.7288209,
  48.24175200000001,
  47.62637420000001,
  45.8117807,
  47.979571,
  45.7079428,
  48.6104823,
  47.0448135,
  46.822497,
  45.6652572,
  45.518772,
  45.57902439999999,
  45.54844139999999,
  45.7679578,
  45.6673395,
  45.5844313,
  45.6923026,
  46.6037739,
  46.3758926
]







[
  -121.4123181,
  -120.93369080000002,
  -122.04107929999998,
  -120.99332119999997,
  -122.15453309999998,
  -121.41245930000002,
  -121.78674590000003,
  -121.41245930000002,
  -122.0352241,
  -122.05870709999999,
  -122.036812,
  -122.0233351,
  -121.93683269999997,
  -121.18481839999998,
  -120.95405349999999,
  -121.78501919999997,
  -120.99497250000002,
  -121.73331969999998,
  -121.78365940000003,
  -121.78376630000002,
  -120.54904569999997,
  -121.79161829999998,
  -122.03629239999998,
  -122.03510840000001,
  -122.20258509999996,
  -120.90376980000002,
  -120.94361500000002,
  -122.05352749999997,
  -120.54823570000002,
  -121.82401700000003,
  -120.73910699999999,
  -122.05352749999997,
  -122.30231579999997,
  -122.19173339999998,
  -121.96061400000002,
  -121.96234750000002,
  -122.26569770000003,
  -121.98275180000002,
  -121.99015559999998,
  -121.99228599999998,
  -121.9859055,
  -122.30231579999997,
  -122.2662358,
  -121.98888779999999,
  -122.27765090000003,
  -122.20534700000002,
  -121.98925009999999,
  -122.16587349999998,
  -121.98986159999998,
  -122.02727279999999,
  -121.65433359999997,
  -122.20141669999998,
  -118.73830599999997,
  -119.44203270000003,
  -121.934638,
  -122.20392500000003,
  -122.1078594,
  -118.737753,
  -121.75298620000001,
  -121.653119,
  -121.75614080000003,
  -121.776116,
  -120.17832499999997,
  -121.6012824,
  -122.09412279999998,
  -120.18384229999998,
  -121.9187561,
  -120.12107330000003,
  -120.66243209999999,
  -120.60419280000002,
  -122.10876059999998,
  -121.7594628,
  -120.18384229999998,
  -120.71446459999999,
  -122.09535,
  -120.65963690000001,
  -122.1399442,
  -120.66384349999998,
  -120.66461720000001,
  -121.43401900000003,
  -121.9452637,
  -120.673786,
  -122.1399442,
  -122.1142453,
  -120.66108700000001,
  -121.69377329999998,
  -120.40573979999999,
  -121.9454786,
  -120.66322489999999,
  -121.6891043,
  -122.4712189,
  -121.43074439999998,
  -121.43214499999999,
  -121.93413399999997,
  -120.18657229999997,
  -122.09392960000002,
  -72.6581251,
  -122.15130299999998,
  -121.81237799999997,
  -122.08862429999999,
  -122.04546640000001,
  -122.12603739999997,
  -121.96961440000001,
  -121.6851489,
  -121.8110797,
  -120.6608066,
  -121.8062615,
  -120.682729,
  -122.10499199999998,
  -122.08779329999999,
  -121.97706470000003,
  -122.3294401,
  -121.94597469999997,
  -120.66051119999997,
  -121.36090039999999,
  -124.3896105,
  -121.7047576,
  -120.66031350000003,
  -123.4063347,
  -122.8792891,
  -122.8753532,
  -122.88660629999998,
  -123.00325140000001,
  -121.6870204,
  -123.07973500000003,
  -123.04054410000003,
  -123.67837700000001,
  -122.8873448,
  -71.11472530000003,
  -123.84589410000001,
  -122.7571317,
  -123.43150400000002,
  -123.1015582,
  -123.07655690000001,
  -123.14073229999997,
  -123.43402420000001,
  -123.1596318,
  -122.61279350000001,
  -122.59435310000003,
  -122.2301253,
  -122.44387749999999,
  -122.31887560000001,
  -122.48000709999997,
  -122.16698059999999,
  -122.72715099999999,
  -122.44413250000002,
  -122.5855224,
  -122.5747417,
  -122.24342309999997,
  -122.47132429999999,
  -121.81985509999998,
  -122.36864700000001,
  -122.52129580000002,
  -120.8093687,
  -122.21085800000003,
  -121.51207269999998,
  -122.43742359999999,
  -122.89969350000001,
  -119.1755971,
  -121.89748500000002,
  -122.6610478,
  -122.38064050000003,
  -122.61244909999999,
  -122.54692540000002,
  -121.89471320000001,
  -122.3694858,
  -121.88391949999999,
  -121.67299630000002,
  -122.60764119999999
]
